,0,1,2,3,4,5,6,7,8,9,10,11,12,13,14
2,63, 64, 64, 63, 63, 62, 61, 63, 62, 61, 60, 62, 61, 61, 62
3,63, 64, 63, 64, 63, 62, 61, 63, 62, 61, 60, 62, 61, 61, 62
6,61, 62, 61, 61, 63, 64, 64, 61, 60, 63, 62, 62, 63, 61, 60
7,63, 64, 63, 63, 63, 62, 61, 64, 62, 61, 60, 62, 61, 61, 62
8,64, 63, 62, 62, 62, 61, 60, 62, 64, 60, 59, 61, 60, 60, 63
10,60, 61, 60, 60, 62, 63, 62, 60, 59, 64, 64, 61, 62, 60, 59
12,61, 62, 61, 61, 63, 64, 63, 61, 60, 63, 62, 62, 64, 61, 60
13,61, 62, 61, 61, 63, 62, 61, 61, 60, 61, 60, 64, 61, 64, 60
14,64, 63, 62, 62, 62, 61, 60, 62, 63, 60, 59, 61, 60, 60, 64
